3656
5671
4183
5475
8311
9012
9973
2466
3780
8352
867
130
2126
3720
1775
244
5077
5857
7419
3160
9130
1287
4892
194
9831
4967
2595
1579
1565
1863
3558
7446
3100
2174
7466
5349
3507
132
4742
7993
3529
5565
4765
1277
3454
787
9384
8327
7262
6940
7112
5797
1762
6646
208
9602
2474
1840
8072
4840
8610
9878
1260
5115
9992
5730
9089
219
7081
567
8583
1212
6601
4084
2417
5331
1428
3338
5979
5106
3598
4241
8770
4318
7935
3972
2736
1473
1095
4768
3019
3483
4594
8096
2309
3983
6591
4711
1712
8283
836
2939
2857
2708
9940
3753
6967
8053
2650
5672
4615
2515
133
4109
3774
863
629
5867
6715
5950
6498
3191
5280
4244
8521
3365
3289
1619
549
7611
3156
9454
9445
2375
689
7888
794
1330
9571
6558
609
9999
6110
1958
719
4373
1961
3458
813
8537
6198
7177
1640
6897
6850
5863
2277
9472
8158
5590
3858
1312
4804
1674
7265
6717
4489
8881
7928
4563
8101
5531
752
6972
7205
6026
5044
4190
616
4933
9308
1521
4048
3071
7725
8436
5898
6621
5132
334
1787
1741
4670
3729
5664
3668
6718
8138
5049
1890
1184
646
5976
4188
3634
4307
37
885
3652
7643
5715
7344
247
5084
4858
1885
8946
1337
50
7631
4635
5313
1165
1304
4150
6158
5516
1300
3802
4946
7889
1114
7278
1620
2839
8577
7369
5856
1611
9976
1191
769
3025
2657
8157
4825
3488
1444
7517
7943
6485
1668
270
9423
1531
6888
7479
5011
9927
9640
9016
9066
9752
8076
2185
2454
9855
957
5855
6602
8551
249
6018
7176
2527
5294
2259
5901
2448
1151
9538
6122
1471
4232
3980
8353
123
153
1971
4161
6730
2052
4847
3662
7485
8243
9208
1866
5895
9550
6587
7620
2577
6920
2540
8379
4237
3380
7180
704
6729
8409
2548
178
5188
5963
4162
6821
7639
6800
9589
3822
7267
9364
5833
9564
1728
1254
6776
1359
3277
4553
9216
6010
6936
1773
2695
4368
4354
9629
8370
3957
9568
6933
8125
6887
7953
2872
7455
8149
1004
1079
9326
8120
3194
4414
4082
415
9314
241
5561
827
3887
1721
2168
1948
8893
5687
4691
8588
573
5760
7188
8290
3028
1535
6248
4294
8141
9373
3394
6930
1216
3199
4910
1717
2121
4863
3212
491
2252
3158
426
1929
468
681
4172
6825
3582
436
5865
4572
1119
9772
9289
1931
9895
2943
1643
5301
2560
9891
1135
8713
8869
3823
5888
1512
8857
2270
7585
7746
6898
7773
7737
8593
7143
5918
124
4989
8463
1665
5375
3728
2933
8710
3254
6414
5144
5629
7069
4928
9471
8832
4453
6167
5880
6224
7462
5330
210
3253
4456
4340
6288
5250
1386
4656
408
4419
8297
7979
5796
8137
3874
4258
4312
1837
353
3295
5783
5257
7915
8630
7586
432
6760
2134
2717
7712
1039
4129
7607
8632
2904
8816
5955
4031
2147
2503
558
9502
3081
4160
7127
6111
1648
9661
7133
1041
9367
1825
964
8422
8386
9639
9301
9464
7923
5582
7766
1451
5000
7488
4878
96
8023
4126
8483
1319
4529
9904
1636
4710
8020
2818
6450
9800
7201
575
3563
8541
8748
868
1175
7017
7111
8045
5826
1589
8652
1105
7697
4638
3831
970
2621
2931
5686
9725
2913
9625
3341
9768
4657
3281
5735
2682
8064
3718
4475
5663
981
2806
524
8605
3883
1170
9335
696
7613
9963
621
5204
9732
439
5549
310
7504
4868
4566
9394
669
5964
9226
7248
221
9487
2306
4440
7067
8456
1017
2635
1081
152
49
3667
344
2649
6062
9559
8063
638
6376
2501
4675
9747
6652
6526
6645
1115
2084
580
9339
3032
1913
935
1887
6547
6952
4371
2739
6285
1401
1714
3336
3554
4975
441
1413
8071
1403
544
756
5579
2967
2043
350
9781
4511
7135
5017
6476
9453
134
3571
7785
4443
2080
1875
7335
1886
3755
6462
8024
2394
3938
1157
6919
2104
7036
939
7663
4117
2532
5037
9263
34
1392
2386
2744
2814
5756
3680
4401
2157
5996
8709
2473
3013
7461
4315
1064
1073
8859
6137
9932
6854
3180
5172
4425
4009
6634
2820
6870
7903
2615
192
1434
2200
5327
6753
4746
2607
6942
6033
5387
7020
9282
2079
1443
6008
44
5310
6055
9621
1113
668
8917
4800
15
4713
7606
6613
6429
5572
1666
1244
551
7047
1709
7224
1828
2186
2120
566
1045
8430
3319
5576
9865
3535
717
8897
4029
7148
6844
2234
1609
8005
3818
2562
3367
3111
6773
834
3632
7703
9796
8372
3481
6659
8524
9696
1252
8749
476
1934
9315
1232
5967
1989
121
8995
6286
7692
3210
1862
693
1418
3472
9762
526
9507
9404
9355
3566
1043
8754
1297
5161
6519
9906
242
4644
6172
1088
8366
7232
4607
1921
502
6906
8889
446
6564
8270
6834
7524
8068
1830
9835
6256
4219
538
469
4726
7363
4342
4039
4398
9611
1676
5187
4484
4096
3510
5988
3618
3144
7038
1046
9302
4965
8308
9892
5808
4544
7193
746
7856
5409
262
6206
5651
6618
4426
1296
176
7382
9290
9466
6397
81
9174
6173
6463
5847
916
6252
8687
2604
1439
5307
3842
8555
390
6196
7467
4993
8936
1755
3402
2098
3173
1622
9150
8864
8886
6778
1864
7130
1905
8683
3989
4931
8469
3552
6820
2962
4626
7902
1160
3390
5488
6023
5173
2507
2837
2244
7209
4676
3943
4857
2964
8842
4919
1737
2986
8182
5417
2177
9953
6272
8092
5567
8486
3700
1059
9021
9278
7316
2674
7673
2864
8627
8968
3650
8195
971
7107
5554
5267
987
2982
6790
3944
4282
4404
4927
7404
2722
1597
6169
8427
2009
5941
3166
3411
9958
8406
9601
9928
633
777
4763
4631
9493
7469
7285
6701
4115
9489
217
8168
6721
7394
1798
135
7557
7840
3388
4924
5125
3030
8268
8519
9726
1102
762
6527
3205
9714
663
5806
2510
2750
6201
2783
4330
5868
2150
9313
3310
9708
4621
3689
7878
8602
7286
7995
7744
5981
9685
5773
5624
5400
2545
1529
6185
7339
4159
6038
8647
3094
6218
2760
5454
9198
8732
6058
9169
7662
6225
2297
8681
817
3186
2909
5083
9740
3442
3296
1370
1599
9009
8821
3133
9512
6108
3955
6086
7243
4917
8246
8475
1570
5529
6301
3924
2484
289
1653
7859
2729
3325
4272
5689
8342
3637
9001
648
9991
8354
10
3721
9193
477
903
5040
169
4547
4290
9070
4303
8929
3244
7497
3124
9498
5559
6786
3565
3189
6766
57
6518
5408
4678
3038
8894
7572
3300
6356
2106
8095
8908
9450
1329
2469
859
2816
1394
279
576
6391
2658
7457
2763
7096
9994
2585
5744
4099
5928
4304
1051
6362
7644
7959
1005
7142
9243
7314
6710
788
8750
1000
6480
4192
1291
765
3177
1350
537
9684
8218
8196
9113
2236
8935
6963
2343
1298
3880
8484
1851
5667
7899
9402
6222
8240
9997
4071
315
8906
9067
2301
783
2988
973
6030
8318
9442
6767
7729
6283
5612
7857
5654
4766
9669
583
6383
2136
4738
2523
9615
1916
4092
2441
924
6746
