14748
14964
14247
15017
19254
11596
10709
16802
16475
15526
12220
14076
13227
12209
14549
12770
14101
19548
18838
15066
14120
13594
12218
12532
18531
10036
15128
14496
14395
13373
13273
16152
14768
12889
10222
14555
14304
17821
16088
15965
10159
17326
10154
12910
14365
15221
15860
19736
19108
15251
19383
11092
18603
19413
18342
15997
18356
13491
10587
16531
18479
11725
15779
11935
11387
18211
10989
19602
18638
13517
10066
10050
10419
13062
12633
19997
12694
19812
14383
19449
13881
10680
14785
13998
19041
13389
14486
11081
19682
18057
19128
13542
11165
12387
15064
18686
19372
16290
14805
19782
16620
12978
19906
11553
19487
15486
12320
12355
11673
18105
14709
13852
18386
14427
15432
11495
11955
11446
16939
12103
18853
11110
17918
11125
11208
18400
16724
19390
13042
15329
14949
14591
18648
16239
10164
18844
10487
15114
16345
17668
11503
13439
11120
18699
14384
11052
16682
19554
14421
13779
11305
10032
12385
19419
10629
14220
13140
17068
16012
10328
16454
15824
10941
13733
10199
16786
15903
17688
12572
13563
15928
19576
13777
11041
15814
18767
11843
10889
14361
10947
17687
11639
11038
13336
15344
15948
15862
16225
10534
16523
17109
15083
10418
12829
18960
12809
10934
13893
13899
12960
10302
13186
12508
19457
18200
15894
19756
19042
17115
14037
14896
12017
10340
14682
16909
19494
19236
15755
15456
15584
19116
17859
11828
10443
13813
12165
17339
12458
19851
14292
12564
16979
18371
15727
19536
14548
17402
17218
12522
11624
10812
14010
15041
10500
14607
18733
17296
15408
11068
13345
18053
17072
13120
10264
12987
15612
15672
13410
18910
11069
10611
12362
10140
18437
13696
19603
19493
19099
17372
10206
16678
15956
14789
18889
12189
10402
18979
15917
13494
14389
17330
10711
17624
13190
18143
14202
14810
13855
18525
11507
16500
14382
12307
14434
18411
15575
17256
11581
16808
14116
17521
15774
19864
15169
18996
12537
16815
17897
14173
16848
14594
14976
19875
10438
14408
12491
18230
18574
12846
16079
18125
16633
14618
17360
12281
17011
12293
16822
11531
17094
13033
16175
18087
10197
15069
19681
17264
15059
19770
15748
18826
11386
11759
17190
18963
13194
12793
11292
18074
10351
14592
11419
13019
18083
10220
13347
13982
16953
14724
15229
17078
19437
12595
11699
10875
17333
19960
11437
15777
16303
10255
16433
14938
18631
16675
17585
19174
14071
15552
12804
14254
13793
18121
19371
13609
10215
12900
10035
15650
17080
10266
16405
15803
10056
18458
13564
10285
15312
18526
18218
11893
19836
16686
19370
19454
17577
13354
13803
16453
15925
17130
19034
10108
10078
12604
14716
17719
15168
13765
10517
17959
15708
10575
13927
14043
16203
17640
14893
19503
16443
11421
19954
14923
19913
18489
16807
18402
10943
12145
10258
16549
18577
16269
17474
13290
17126
18985
11511
18214
17323
11457
10105
10800
17016
16166
19101
17580
10581
14873
18662
14414
16190
17324
13260
15619
12056
16498
13388
10563
11223
10599
16051
17707
19400
16412
12276
19965
15892
19182
12471
19731
13552
14218
19352
12339
16852
12843
11302
11841
15827
18919
12308
10773
19396
13086
11728
17285
13329
11057
17964
19349
14668
14619
16666
15140
16292
18401
11988
15380
13146
18806
15211
14322
14111
17280
18464
10277
14687
19987
19121
10584
16189
16546
15313
19193
11777
16851
12284
10002
14870
17298
11488
13782
10449
18738
14013
17896
11275
19808
10598
14910
15780
17737
14529
19153
15582
12190
11444
